Tm,#P,RA/G,W,L,W-L%,ERA,G,R,ER,BB,IBB,SO,HBP
Arizona Diamondbacks,27,4.59,85,77,.525,4.25,162,743,691,516,38,1427,62
Atlanta Braves,32,4.59,97,65,.599,4.19,162,743,675,548,33,1393,69
Baltimore Orioles,39,6.06,54,108,.333,5.59,162,981,897,561,11,1248,80
Boston Red Sox,28,5.11,84,78,.519,4.70,162,828,768,605,22,1633,76
Chicago Cubs,33,4.43,84,78,.519,4.10,162,717,657,534,16,1444,80
Chicago White Sox,27,5.17,72,89,.447,4.90,161,832,769,582,30,1312,51
Cincinnati Reds,26,4.39,75,87,.463,4.18,162,711,668,536,31,1552,58
Cleveland Indians,30,4.06,93,69,.574,3.76,162,657,601,450,19,1508,62
Colorado Rockies,31,5.91,71,91,.438,5.56,162,958,895,589,33,1264,57
Detroit Tigers,32,5.68,47,114,.292,5.24,161,915,835,536,24,1368,69
Houston Astros,26,3.95,107,55,.660,3.66,162,640,595,448,0,1671,41
Kansas City Royals,30,5.36,59,103,.364,5.20,162,869,824,582,25,1230,81
Los Angeles Angels,32,5.36,72,90,.444,5.12,162,868,820,576,11,1404,82
Los Angeles Dodgers,26,3.78,106,56,.654,3.37,162,613,541,392,24,1519,66
Miami Marlins,26,4.99,57,105,.352,4.74,162,808,760,615,52,1378,90
Milwaukee Brewers,30,4.73,89,73,.549,4.40,162,766,713,570,28,1497,60
Minnesota Twins,31,4.65,101,61,.623,4.18,162,754,680,452,10,1463,61
New York Mets,30,4.55,86,76,.531,4.24,162,737,688,500,40,1520,60
New York Yankees,33,4.56,103,59,.636,4.31,162,739,691,507,12,1534,44
Oakland Athletics,28,4.20,97,65,.599,3.97,162,680,646,477,19,1299,66
Philadelphia Phillies,34,4.90,81,81,.500,4.53,162,794,731,546,38,1392,71
Pittsburgh Pirates,34,5.62,69,93,.426,5.18,162,911,829,584,22,1443,85
San Diego Padres,34,4.87,70,92,.432,4.60,162,789,732,463,19,1475,68
Seattle Mariners,42,5.51,68,94,.420,4.99,162,893,798,505,25,1239,51
San Francisco Giants,35,4.77,77,85,.475,4.38,162,773,715,519,26,1368,65
St. Louis Cardinals,23,4.09,91,71,.562,3.80,162,662,609,545,41,1399,69
Tampa Bay Rays,33,4.05,96,66,.593,3.65,162,656,598,453,27,1621,60
Texas Rangers,36,5.42,78,84,.481,5.06,162,878,808,583,11,1379,70
Toronto Blue Jays,39,5.11,67,95,.414,4.79,162,828,767,604,25,1332,69
Washington Nationals,31,4.47,93,69,.574,4.27,162,724,683,517,41,1511,61
